100 100 50
6 22 30 28 8 21 50 48 49 32 16 31 39 28 40 17 6 14 30 34 9 39 27 16 17 31 23 48 18 24 31 25 17 46 7 1 9 31 26 24 8 22 33 47 41 34 37 18 15 20 21 31 2 18 37 35 20 19 37 28 37 7 39 30 11 23 25 5 10 41 13 32 32 37 40 32 26 36 14 42 46 23 25 48 28 21 45 20 23 17 11 27 15 51 11 41 51 21 26 3 
17 13 10 50 11 27 37 28 51 34 4 3 41 5 46 3 21 41 50 30 17 3 2 34 4 37 18 5 21 45 19 43 2 19 18 27 48 41 22 3 35 33 2 50 43 48 1 8 35 48 9 22 31 7 45 21 24 38 26 44 13 18 35 12 25 5 6 20 26 48 34 20 49 47 32 41 5 25 15 18 21 17 29 19 12 16 47 17 31 42 13 7 14 5 6 40 17 15 27 40 
48 9 46 31 40 5 11 27 1 27 23 44 20 49 41 20 43 28 27 31 34 39 37 36 20 11 19 7 15 27 9 37 42 33 14 4 47 29 37 33 44 19 1 2 23 17 39 51 27 24 4 51 8 45 31 19 40 5 1 31 21 45 32 16 40 3 31 1 34 22 25 33 23 40 5 39 15 16 30 22 1 2 32 32 9 20 7 29 4 12 40 51 31 37 23 10 42 34 17 15 
14 24 9 12 22 45 48 9 32 26 45 39 49 49 35 41 36 47 41 33 43 24 30 19 22 38 9 1 5 39 13 25 28 45 32 11 51 28 40 15 43 30 2 15 12 23 11 11 22 50 50 35 22 31 29 6 24 20 48 10 44 32 25 14 46 32 40 16 23 29 30 51 12 14 18 9 40 47 29 5 7 16 32 22 15 31 35 33 3 47 22 8 45 49 43 2 15 20 13 42 
11 38 29 10 13 16 39 22 18 51 4 29 44 6 30 3 42 47 38 4 12 6 33 42 43 12 45 5 7 17 22 31 35 13 34 27 11 9 5 46 27 31 19 4 27 41 2 22 4 32 40 51 22 23 42 46 23 30 48 23 23 40 28 21 37 32 47 17 3 10 16 30 42 45 29 1 10 21 19 3 28 12 44 51 41 45 14 48 19 45 19 25 7 45 33 29 3 5 35 34 
49 25 12 32 16 23 17 51 40 20 2 39 32 8 26 11 40 11 23 45 33 33 1 44 44 20 3 13 9 37 36 8 13 4 47 22 5 44 2 50 18 9 30 8 14 24 18 49 44 51 37 45 47 14 48 43 3 21 13 45 22 34 12 4 3 2 29 41 16 41 42 1 32 29 9 34 20 9 16 19 30 38 36 27 22 49 35 1 7 40 1 31 29 48 9 45 3 41 47 20 
49 49 13 40 19 13 6 51 17 48 5 12 30 36 33 27 47 14 28 40 37 15 38 8 37 49 18 7 5 11 6 14 25 42 24 23 2 2 36 48 46 46 9 46 23 9 12 4 11 34 5 24 3 48 2 18 8 27 51 25 30 37 23 33 31 31 28 5 16 37 14 19 30 45 40 23 45 13 41 10 46 45 39 8 27 5 36 9 32 21 8 17 43 8 17 20 40 4 3 45 
37 14 24 42 25 13 49 6 35 18 22 40 5 31 8 30 49 41 46 20 12 41 47 14 14 22 27 46 16 39 13 33 34 33 36 36 29 48 17 23 51 17 51 51 16 22 45 24 49 8 38 26 42 36 7 48 29 23 3 6 20 18 13 7 51 33 38 43 13 39 11 32 21 29 2 47 4 42 10 22 21 47 21 47 16 44 15 3 48 30 25 47 23 37 10 22 44 39 5 13 
34 8 32 39 25 19 34 28 15 28 10 51 36 20 8 39 12 1 11 19 7 25 17 31 6 47 1 7 45 30 5 18 49 12 35 8 29 11 18 23 21 41 47 1 32 27 15 12 29 44 44 2 22 34 4 18 36 26 47 1 35 46 51 21 4 2 37 36 1 24 7 13 26 38 28 9 43 29 25 43 26 23 24 4 2 32 51 35 23 24 46 11 42 38 21 14 38 46 22 29 
31 2 18 17 23 43 42 31 28 48 40 44 26 36 31 25 35 42 21 21 21 14 15 11 37 7 11 34 9 17 38 45 12 24 7 18 36 26 10 36 4 47 39 13 21 20 44 24 11 2 6 51 6 28 47 17 12 39 34 34 14 49 19 50 41 42 49 50 1 49 15 13 46 24 35 14 11 39 7 30 47 11 8 8 3 5 50 50 32 21 35 5 43 25 38 42 47 27 19 41 
16 16 33 31 32 36 45 47 18 31 43 21 25 27 9 21 30 17 34 12 29 35 19 45 14 2 32 40 11 47 13 6 15 50 24 50 3 32 2 34 44 32 1 50 10 16 34 44 23 21 17 46 32 49 50 47 10 45 37 39 6 16 21 7 44 10 8 25 27 31 28 11 25 5 24 34 36 16 22 51 46 20 35 35 37 2 49 45 34 25 1 46 32 2 38 27 33 35 3 15 
9 47 21 43 44 46 42 30 45 4 2 24 34 10 40 22 42 29 23 43 12 24 33 26 42 33 15 11 48 24 40 21 2 11 34 11 38 48 13 29 19 50 47 16 27 4 26 48 5 37 46 23 4 15 7 44 25 29 15 13 5 34 39 19 22 16 20 49 10 18 35 42 13 24 17 25 6 40 18 25 48 33 44 44 5 23 4 37 18 37 34 34 21 9 45 48 6 20 47 28 
32 50 34 10 31 49 9 27 16 31 49 23 51 23 40 10 17 41 33 6 26 8 22 50 42 13 31 37 47 2 3 22 23 33 40 29 39 21 1 42 18 10 27 43 39 3 36 34 35 4 14 48 33 31 33 47 44 32 3 36 25 50 40 12 38 26 23 21 51 22 6 24 51 48 3 31 41 40 8 26 9 46 16 8 43 21 30 31 19 23 23 17 37 49 10 46 44 37 14 33 
33 8 3 48 50 29 49 48 7 6 10 5 27 5 22 34 42 43 11 43 33 51 13 25 26 13 48 18 7 39 7 32 32 50 5 20 33 1 35 50 25 31 44 33 4 44 12 21 17 46 48 1 18 32 22 2 45 28 48 50 10 12 33 7 40 25 22 23 33 50 47 49 41 2 42 27 15 29 9 22 19 38 22 41 27 20 49 24 47 5 27 35 31 12 32 3 6 12 37 1 
13 49 32 23 51 48 9 33 13 44 30 27 44 18 42 5 45 20 42 39 11 15 36 22 21 6 42 12 42 17 26 9 7 39 20 51 9 6 14 5 7 27 4 17 4 14 28 33 27 18 22 48 6 39 41 13 7 40 45 20 48 38 14 29 43 36 40 17 10 45 24 1 45 42 2 29 4 39 42 26 25 10 13 3 40 15 2 21 7 24 50 25 29 25 31 6 33 28 15 32 
2 51 40 50 50 24 41 4 37 30 21 37 12 23 7 10 15 18 38 33 48 21 40 49 41 29 30 9 14 47 47 4 15 31 12 38 43 26 19 12 15 45 26 28 34 18 8 49 37 1 7 15 44 40 34 3 15 34 19 14 31 48 33 17 45 15 28 43 7 1 17 46 25 35 49 16 7 3 42 10 50 47 12 38 16 10 9 16 20 9 7 6 27 21 18 26 27 25 13 1 
44 19 8 49 30 42 6 32 2 9 35 35 19 15 48 18 10 30 29 1 45 6 9 34 1 11 45 49 15 2 44 44 29 46 25 30 48 22 17 1 7 25 44 25 50 13 45 45 39 48 26 35 6 22 40 3 5 21 11 19 24 35 31 19 26 12 4 9 41 23 7 22 5 36 50 50 18 48 26 16 37 13 20 36 9 30 41 20 39 35 39 21 18 28 6 39 27 19 49 12 
51 51 37 13 8 42 48 24 1 31 31 10 37 10 17 44 6 13 49 27 20 40 48 14 30 9 12 46 15 42 29 36 24 18 49 30 15 34 30 3 16 24 7 24 18 10 11 35 13 28 37 2 8 16 1 41 8 14 50 20 29 28 41 2 13 19 41 16 34 10 38 30 25 23 20 47 51 35 3 37 2 1 34 22 4 4 15 48 50 44 16 36 3 21 18 48 12 8 36 39 
30 29 50 41 9 4 47 27 37 48 50 17 17 25 29 30 30 23 10 12 38 3 5 26 2 5 50 48 21 48 5 38 18 50 21 16 48 17 48 18 41 46 29 33 11 12 19 5 46 18 20 36 27 38 42 33 34 43 10 12 5 19 18 13 41 36 11 34 42 7 26 44 5 25 43 10 41 21 44 38 22 47 15 41 9 44 47 2 38 25 42 5 21 1 28 19 40 41 40 18 
23 41 28 28 39 35 1 19 21 41 5 20 26 44 47 40 39 16 20 37 5 28 16 14 4 5 10 46 30 30 30 39 39 21 11 14 24 24 6 49 44 6 10 50 15 22 8 24 13 25 23 23 47 38 27 44 36 16 16 38 13 3 6 38 13 24 35 44 14 17 40 10 41 44 26 6 46 6 30 25 27 41 2 51 4 26 26 43 18 49 37 40 43 38 15 3 9 49 43 43 
31 15 9 13 7 17 29 28 51 26 34 10 27 46 10 49 45 9 3 26 21 12 22 2 30 32 21 18 9 20 7 50 45 41 7 17 28 44 46 19 11 38 31 45 41 38 12 33 3 16 46 7 39 49 12 13 24 11 13 11 9 19 44 44 51 32 28 12 18 21 36 18 10 18 28 30 36 9 26 44 37 7 39 15 51 6 23 23 38 39 41 20 50 10 12 28 9 4 33 5 
24 26 42 28 1 42 4 32 1 42 23 14 5 16 24 16 40 32 15 39 4 6 16 51 20 4 14 37 29 50 38 20 23 19 2 37 6 13 7 36 41 10 5 10 43 23 15 28 22 45 38 8 51 5 5 18 39 49 44 25 4 14 27 47 4 28 1 7 13 48 43 15 12 13 22 15 43 10 39 1 33 43 12 48 6 11 33 37 15 7 33 46 6 21 8 24 21 34 34 10 
24 14 24 14 14 22 4 19 25 22 18 40 15 10 18 11 17 5 18 25 38 25 22 33 37 17 21 41 25 11 18 51 42 5 39 11 4 29 16 7 22 20 30 43 8 45 12 46 35 26 40 50 35 31 38 31 29 41 44 21 1 3 15 46 51 43 8 9 6 33 21 51 45 10 35 3 34 23 42 51 19 48 37 11 38 31 15 32 10 26 4 27 41 28 45 7 15 22 46 24 
23 8 23 42 12 19 12 31 39 19 40 15 14 51 27 44 45 4 18 12 45 37 15 48 8 14 24 38 6 32 27 4 36 30 20 4 28 33 17 34 49 49 36 30 1 48 1 16 19 2 11 39 2 12 48 17 10 34 30 45 5 18 32 36 29 46 10 44 2 45 26 40 12 50 34 14 30 26 34 6 38 24 16 46 37 35 11 27 11 22 33 16 11 21 24 4 14 30 16 49 
22 3 7 5 50 41 7 49 32 24 34 2 42 24 15 11 10 22 6 1 29 37 50 40 9 35 45 8 1 18 31 12 38 37 44 1 43 31 30 36 33 46 51 24 17 5 30 10 14 33 26 38 3 34 38 20 23 5 2 50 47 27 30 49 7 22 48 13 13 49 24 9 7 19 44 22 14 18 27 18 1 4 44 11 5 22 23 42 12 22 10 18 44 35 22 15 19 49 29 24 
35 32 19 43 11 2 8 28 13 35 42 3 11 7 26 23 24 1 19 8 13 5 2 1 40 30 25 22 26 21 29 48 26 34 3 33 1 5 24 34 43 41 6 15 48 18 39 15 16 41 45 10 46 18 13 40 16 40 23 32 50 8 8 6 35 44 48 14 47 32 39 29 11 34 23 6 27 37 42 45 10 21 27 25 24 27 46 46 25 48 31 33 22 30 47 37 6 17 10 6 
37 5 1 45 29 29 32 41 45 31 3 30 20 41 27 33 5 15 29 35 10 51 43 46 48 5 34 4 15 6 35 31 31 8 14 33 39 35 21 10 46 11 41 25 35 14 39 11 3 29 2 50 22 2 39 18 14 18 48 4 29 6 6 27 37 10 34 33 11 34 23 40 42 11 18 47 12 40 33 10 41 4 28 11 50 23 13 21 51 24 9 41 35 1 29 5 22 40 1 35 
7 26 29 4 18 51 1 18 18 27 32 4 21 20 47 40 36 11 30 43 7 46 5 4 5 41 16 20 2 10 30 14 47 32 22 23 31 45 3 42 45 31 50 12 19 33 2 36 43 43 46 48 11 22 26 40 20 11 22 39 5 7 35 10 50 43 25 30 23 45 41 42 25 23 11 9 2 38 26 30 47 22 26 45 32 36 39 15 31 22 27 12 47 11 33 18 47 18 35 26 
35 15 9 28 50 26 28 40 10 2 42 10 21 51 26 33 42 8 40 51 16 28 8 24 30 24 18 1 44 17 17 23 4 26 3 48 21 7 50 20 48 48 5 23 33 23 45 23 26 11 1 11 45 28 11 18 21 49 23 48 19 47 23 47 14 3 30 5 10 40 34 20 36 38 45 13 24 5 20 20 23 9 2 22 36 32 48 15 9 25 4 21 32 5 23 32 24 40 32 4 
46 32 28 9 21 7 19 35 1 36 17 27 35 14 29 40 33 13 46 3 34 12 15 28 34 30 39 46 2 10 14 27 2 24 40 4 32 8 9 4 25 51 26 20 9 13 44 9 31 3 2 8 18 46 7 7 19 39 34 42 23 14 26 23 25 22 26 27 22 47 12 28 50 27 44 26 48 45 42 26 39 49 18 46 51 42 23 40 49 29 24 36 50 46 34 32 51 34 24 10 
28 51 1 37 30 1 12 43 15 16 15 4 33 3 29 7 10 45 15 40 36 27 22 13 1 6 44 34 12 26 43 32 21 32 8 43 30 15 10 17 31 1 21 8 47 15 50 7 10 1 36 18 4 48 43 4 44 26 35 5 42 49 1 20 21 8 7 10 48 50 35 48 44 34 51 46 33 32 16 43 45 46 31 21 16 31 37 41 28 42 37 25 17 22 20 38 36 51 50 43 
31 10 14 13 41 37 9 33 6 43 25 1 18 35 9 3 22 50 1 24 36 45 15 5 51 37 7 43 32 29 48 41 23 11 44 46 2 4 20 42 40 23 19 31 29 37 9 8 39 1 35 25 21 41 11 42 12 41 17 33 30 33 16 21 10 50 10 24 2 27 27 5 37 44 24 20 37 16 37 1 30 24 10 26 1 13 26 17 42 31 24 19 20 11 33 26 24 21 29 4 
22 43 45 49 32 22 50 29 41 44 16 23 12 39 33 6 3 8 12 18 42 39 41 48 45 7 8 43 25 17 33 15 18 45 26 9 34 37 1 20 49 10 4 40 23 15 33 23 15 17 27 29 18 11 47 1 7 21 18 31 6 31 13 38 22 6 39 34 46 3 16 22 36 42 2 4 22 15 25 9 35 28 7 22 25 18 50 22 47 3 28 10 18 15 51 26 26 1 29 30 
4 23 24 10 46 31 26 42 20 22 44 16 16 34 3 41 3 14 2 35 33 28 35 3 21 7 10 48 13 30 16 40 26 21 10 43 33 39 9 39 47 17 14 2 18 43 39 3 46 51 30 24 6 18 6 37 28 14 18 13 30 48 4 2 43 25 34 38 51 41 33 25 38 11 1 40 26 33 5 13 33 34 43 50 2 47 34 28 45 20 16 6 51 7 27 44 35 14 42 27 
23 42 18 50 27 2 47 10 22 1 37 46 45 21 5 43 29 13 46 1 23 3 16 8 23 14 11 31 10 29 40 27 16 31 9 17 51 48 46 4 25 50 13 10 11 46 29 28 16 9 6 1 49 33 29 28 43 24 15 5 8 2 1 10 24 18 47 37 1 47 25 27 2 32 27 25 26 32 21 9 4 1 35 37 24 48 18 41 3 11 30 42 3 29 9 23 7 6 6 50 
17 40 21 21 18 39 15 44 45 15 18 11 37 50 20 27 13 26 33 21 31 39 27 23 4 9 21 45 15 39 46 3 32 5 10 5 17 6 16 47 15 28 33 24 43 19 51 3 28 13 25 19 11 4 15 16 18 15 21 45 28 5 35 45 36 29 35 8 38 31 19 3 14 36 48 9 24 21 23 1 38 41 5 34 19 42 12 18 22 18 33 7 39 44 20 30 35 20 46 30 
44 35 37 48 51 38 36 24 18 16 28 27 15 25 51 26 25 31 26 29 35 2 19 42 45 9 32 34 51 15 24 18 24 34 51 31 14 7 35 8 25 11 27 50 28 35 46 12 25 24 11 15 24 48 43 4 32 47 19 50 33 43 3 3 33 43 14 49 43 50 39 10 6 15 44 26 19 43 10 33 33 47 27 34 51 37 26 28 29 29 26 45 49 33 38 50 12 48 21 49 
9 32 25 41 17 12 51 49 16 17 14 42 4 3 41 17 27 32 6 42 10 44 10 30 9 36 33 37 44 8 18 21 1 14 27 49 34 40 47 20 17 50 34 35 51 13 41 3 25 14 4 5 41 49 6 29 23 13 25 37 28 35 51 19 32 8 27 10 49 25 9 31 33 32 34 9 22 10 46 16 36 32 6 26 16 32 22 25 37 34 44 34 38 30 32 44 27 21 14 41 
33 5 37 28 17 30 33 36 43 12 5 38 37 19 34 48 49 1 19 9 24 21 42 8 8 20 26 38 46 7 4 27 26 38 25 7 19 45 19 16 46 29 36 19 9 8 26 33 22 11 21 29 8 10 30 28 29 13 41 34 46 51 23 14 4 51 39 10 26 30 10 44 17 46 46 22 20 50 18 43 13 6 46 38 20 51 7 1 46 27 33 20 12 4 21 36 6 14 25 18 
35 31 23 17 15 33 16 27 10 37 7 21 6 27 34 26 7 31 44 32 3 6 18 48 17 39 29 28 37 25 10 29 25 42 49 13 43 25 51 50 43 40 8 5 7 34 35 12 20 43 33 15 51 35 10 49 1 32 10 17 24 7 10 42 35 25 25 12 29 20 21 45 28 35 24 30 6 45 32 14 27 44 7 1 50 5 23 23 7 25 36 17 25 3 19 47 10 33 36 26 
11 6 38 49 13 15 18 3 27 6 37 12 48 33 36 39 5 10 4 44 23 28 46 24 51 31 47 17 37 7 46 6 29 32 35 15 7 36 28 12 40 42 10 36 39 35 32 3 33 27 17 44 14 35 38 24 32 29 35 44 39 38 35 15 5 4 3 17 20 28 28 14 35 5 22 31 42 43 10 36 19 51 33 32 38 47 31 43 29 18 25 30 2 7 34 11 24 14 26 33 
2 43 44 40 17 26 10 15 38 11 8 47 41 37 31 38 15 1 37 29 19 22 44 34 8 13 47 42 32 1 13 36 25 51 47 33 37 41 13 30 2 51 20 46 26 44 50 46 1 50 13 1 50 3 38 23 24 38 19 49 24 31 34 41 38 23 19 34 7 37 1 21 10 26 43 45 7 50 47 49 7 38 29 14 18 30 6 3 40 23 4 9 29 28 36 46 21 11 44 1 
27 11 14 47 39 21 29 3 30 33 2 32 22 11 10 24 38 45 9 49 7 40 12 13 41 31 49 42 43 8 51 9 33 27 24 44 5 35 25 49 32 30 37 4 12 24 24 51 15 22 2 3 8 3 23 23 29 10 3 21 38 2 1 7 37 39 46 32 28 47 32 29 35 36 14 8 33 42 31 37 25 31 18 42 35 26 37 6 13 18 41 31 15 6 3 42 7 15 36 28 
6 47 11 16 42 6 3 9 18 13 25 40 28 17 49 14 21 3 32 36 36 27 5 19 29 12 14 14 20 40 41 44 12 47 6 23 3 37 33 6 5 46 18 7 23 12 11 1 17 29 36 43 41 30 28 22 33 29 48 15 43 43 47 23 9 7 32 22 3 29 23 45 20 15 46 1 49 17 31 12 34 44 25 11 2 8 26 15 17 1 35 38 47 41 17 9 42 20 34 33 
17 37 8 21 11 22 34 37 32 43 30 21 18 4 11 50 8 9 12 14 14 6 42 24 25 44 20 5 29 42 11 22 11 51 25 46 51 30 3 39 18 36 45 51 40 28 23 10 16 35 12 34 8 43 5 36 44 46 19 27 1 50 10 44 46 6 45 21 12 6 6 45 38 34 37 37 42 40 11 37 13 38 8 16 45 37 29 15 46 38 39 20 34 47 49 11 11 18 13 19 
15 39 24 44 19 8 26 4 33 6 3 27 51 8 21 41 39 18 45 10 16 23 2 29 20 8 12 16 42 38 32 9 43 34 35 20 49 40 46 20 24 44 17 9 47 16 21 43 23 12 17 2 13 31 3 35 26 9 9 38 11 36 18 37 35 25 29 2 37 49 1 30 36 47 25 37 27 4 42 6 36 14 5 40 20 4 18 50 38 34 31 50 13 38 39 49 18 18 38 34 
3 44 1 36 26 45 42 6 36 51 7 43 15 22 33 27 21 43 42 1 19 9 42 47 19 2 26 21 20 24 4 16 16 19 41 19 15 14 15 25 32 43 22 50 46 37 40 29 21 8 25 5 18 33 11 36 15 22 1 19 30 29 22 11 22 19 46 37 8 39 21 48 2 36 25 7 48 35 47 10 7 40 29 20 25 5 46 26 49 40 45 6 3 27 48 35 41 15 17 38 
16 41 31 42 50 44 48 40 38 9 50 22 50 27 30 49 6 27 9 13 24 17 50 33 22 18 38 2 8 11 33 20 3 49 12 26 45 4 34 16 15 6 37 28 47 32 13 47 30 32 11 22 24 14 34 20 20 25 20 21 11 15 24 48 5 41 42 15 50 22 49 46 14 40 19 6 14 43 46 21 25 46 39 44 11 43 33 12 46 34 45 41 43 32 31 3 18 12 30 11 
44 25 17 41 40 29 24 41 10 24 18 39 39 41 14 30 38 24 31 28 18 7 27 47 3 31 29 3 31 12 45 14 50 48 13 4 3 33 22 9 2 32 46 6 44 28 41 15 31 10 25 26 45 44 48 4 45 26 7 36 48 37 3 42 51 35 17 32 26 38 15 34 5 22 8 24 3 47 12 24 37 7 1 7 47 33 16 5 29 20 45 7 44 43 41 47 51 46 47 33 
8 29 33 50 1 6 10 3 30 15 48 46 18 31 17 25 10 16 39 39 5 46 38 50 30 3 30 13 20 5 9 18 41 38 16 34 47 27 35 32 51 41 39 43 49 12 6 46 8 7 36 23 50 9 11 36 47 29 5 22 1 31 46 10 42 18 45 5 7 23 32 42 28 12 43 50 5 26 39 5 34 2 39 28 17 12 45 34 51 8 29 34 13 38 49 8 4 47 36 18 
13 9 31 30 18 48 26 41 16 35 30 24 27 27 14 11 29 47 32 16 9 16 14 49 32 47 37 40 23 51 26 2 3 29 21 40 47 20 18 40 45 11 1 14 23 16 5 16 40 35 41 49 51 16 13 16 50 15 44 1 26 10 32 17 48 3 15 42 44 37 42 27 6 31 26 12 8 26 15 36 19 27 36 15 9 1 36 30 26 18 33 11 10 6 50 32 36 30 46 31 
13 50 2 10 41 34 34 24 20 22 50 1 25 3 13 20 44 33 29 19 15 22 12 23 33 40 27 50 51 5 36 47 29 8 13 39 25 48 46 24 31 29 3 26 13 42 50 25 26 14 17 14 24 17 12 50 1 13 5 1 41 30 46 2 1 30 11 5 14 48 38 48 8 8 7 40 36 32 14 2 4 35 31 32 24 33 6 10 22 28 29 9 26 10 24 35 37 49 5 4 
46 28 9 7 35 43 46 6 19 33 16 29 39 7 20 39 2 13 8 20 8 26 17 8 49 5 39 31 42 34 25 43 11 32 46 30 18 11 38 50 4 32 42 31 18 5 2 48 36 30 4 45 22 38 34 5 32 1 35 2 47 29 48 7 16 17 40 31 19 44 38 44 12 27 4 17 44 37 5 13 26 38 18 12 20 44 41 42 42 42 17 7 41 21 19 30 45 38 10 48 
27 20 5 41 7 5 4 9 5 11 51 29 29 13 5 24 17 31 31 38 46 7 51 10 6 44 40 51 4 15 21 35 25 32 51 45 48 13 40 23 33 1 36 17 50 36 1 1 48 6 3 24 33 31 22 9 19 43 30 9 23 14 17 36 3 34 2 51 10 42 50 16 40 51 22 16 35 31 12 51 19 14 44 34 9 40 16 45 45 2 4 16 27 11 7 46 29 20 42 10 
33 42 31 39 6 43 20 29 35 46 8 9 4 6 34 1 51 4 22 5 34 35 19 31 39 35 10 35 27 48 23 23 28 25 41 39 3 37 28 3 43 40 17 9 30 25 34 40 27 42 29 16 10 12 17 16 34 30 14 44 5 4 44 6 31 37 38 25 31 40 41 4 1 32 27 17 3 24 4 10 23 34 30 45 3 36 26 11 3 11 16 12 43 42 8 27 16 28 42 36 
22 9 19 39 24 37 34 43 51 13 25 15 15 5 17 6 15 3 34 7 11 1 30 3 14 14 49 14 4 14 17 12 19 23 24 33 50 14 33 20 26 45 5 38 1 51 49 46 35 47 11 13 8 29 35 12 7 13 49 48 10 41 40 34 15 3 16 46 41 8 15 40 6 33 39 5 39 37 27 27 48 34 15 5 7 46 30 49 18 14 18 40 21 17 1 16 26 27 5 13 
40 41 26 3 44 10 15 4 28 20 24 6 7 32 40 2 17 4 14 10 19 8 47 13 21 46 43 27 22 50 36 44 42 33 12 51 36 12 43 51 8 14 37 22 16 13 15 30 25 27 32 32 28 34 39 12 38 9 21 42 18 6 25 15 8 16 31 50 4 51 36 3 31 10 33 7 32 12 33 25 45 14 26 5 31 16 39 18 3 48 46 26 32 44 2 31 1 9 5 42 
1 35 49 29 38 49 47 36 14 18 9 24 34 30 29 44 8 22 28 45 51 29 37 23 28 29 33 23 2 20 17 16 38 17 30 34 12 49 14 37 50 16 27 36 15 9 36 45 5 45 9 48 15 7 19 14 44 20 1 21 22 39 39 7 16 6 11 33 39 19 7 26 39 16 46 48 26 6 14 48 8 13 15 24 10 12 16 28 10 33 1 19 20 31 37 24 21 24 41 43 
41 49 45 7 43 38 8 17 24 21 11 35 29 19 19 32 44 45 1 3 47 30 21 6 8 38 25 21 28 47 4 51 51 6 28 36 50 51 8 48 13 14 39 19 11 49 42 31 33 42 42 1 16 41 39 23 29 8 22 38 2 36 23 47 38 29 26 12 35 15 30 15 1 27 5 20 5 33 34 51 3 33 19 36 30 31 24 33 25 45 46 10 31 27 22 6 10 49 20 23 
51 23 44 26 34 15 41 10 24 2 27 22 39 6 39 32 4 23 45 51 28 36 3 6 37 14 12 41 25 14 39 1 26 9 24 12 46 36 41 35 32 17 1 47 40 2 35 8 9 12 8 13 20 2 31 37 1 27 38 40 29 30 46 43 6 4 36 22 43 41 43 5 8 51 39 27 18 47 51 6 17 49 11 9 10 25 32 44 51 13 4 21 4 25 36 5 24 29 7 15 
42 40 26 31 29 4 49 41 21 24 23 21 47 49 18 16 15 30 11 31 30 37 23 27 50 15 7 10 44 15 42 22 22 21 18 1 48 34 16 22 21 48 33 49 33 46 47 47 6 30 19 43 37 15 44 26 19 47 8 49 1 27 23 33 20 3 35 6 20 26 11 20 21 47 43 13 45 23 7 48 16 9 44 17 29 21 48 46 24 14 31 11 27 22 26 43 28 4 7 7 
48 10 31 36 13 21 7 34 31 22 28 49 1 34 2 23 25 24 2 31 20 8 21 27 48 46 49 43 37 8 19 19 35 4 8 31 8 21 49 36 5 18 47 33 11 29 44 12 24 25 37 10 14 51 41 39 41 38 20 34 10 50 1 2 40 49 22 42 33 48 44 24 40 47 22 30 14 38 9 12 24 4 9 3 39 1 11 25 26 28 37 44 47 21 41 42 38 22 3 34 
24 27 31 6 49 12 51 23 24 1 35 41 26 23 27 29 31 38 45 11 38 6 39 11 10 47 33 13 26 17 45 35 4 16 40 8 3 23 20 7 15 49 21 41 25 35 23 6 26 29 7 24 4 10 4 4 21 50 15 37 48 7 7 24 9 26 16 49 22 35 31 36 51 32 4 26 6 9 11 50 38 37 38 18 11 24 29 42 19 28 10 37 19 33 20 32 38 3 33 31 
16 18 41 33 27 11 22 7 45 38 44 32 3 50 44 26 34 25 47 21 22 18 28 27 17 9 31 20 34 3 49 37 20 28 48 28 4 1 19 16 1 42 18 21 37 37 34 6 32 10 1 4 38 22 10 9 6 47 38 5 4 51 46 14 50 18 18 13 22 21 24 12 50 31 36 43 41 49 32 43 41 33 17 33 36 7 31 21 2 48 14 14 47 37 46 32 3 38 16 9 
51 35 41 47 23 39 17 19 13 12 36 51 9 27 1 16 14 1 47 4 28 47 4 10 30 30 33 25 15 45 22 7 19 48 7 26 36 16 20 11 4 21 38 31 22 33 10 25 16 14 20 5 28 50 45 1 7 4 36 33 49 23 23 40 31 1 35 1 12 15 19 16 50 15 24 40 43 50 2 30 9 40 48 27 33 32 15 37 27 44 23 29 3 27 10 26 21 35 51 35 
30 27 1 6 49 11 49 2 16 24 47 10 38 35 5 45 45 31 11 29 33 45 24 16 37 48 13 12 2 8 33 47 14 38 37 3 22 46 31 41 26 4 36 30 12 8 38 30 46 15 41 29 6 10 9 36 20 12 1 46 25 37 19 34 11 18 21 3 45 5 18 51 13 32 44 2 49 10 45 6 50 25 41 5 6 45 25 46 25 30 3 9 11 28 13 2 17 14 25 1 
41 45 37 35 20 38 20 20 3 51 3 39 3 12 41 21 42 28 49 10 31 36 19 2 34 24 38 8 19 51 41 11 16 12 45 22 25 3 8 23 47 5 6 36 27 20 27 41 20 6 27 27 25 26 28 23 24 19 34 2 50 35 44 27 32 11 29 39 30 43 28 6 1 9 40 9 24 17 31 48 34 31 23 42 33 1 39 33 24 13 34 9 37 22 28 35 36 16 47 9 
36 9 1 39 48 38 35 42 43 32 34 31 34 35 33 36 20 28 4 7 48 23 49 9 13 2 2 37 32 29 18 36 9 30 47 50 16 37 44 36 34 12 10 39 48 2 26 2 48 27 42 11 7 22 9 15 17 19 21 21 18 1 4 45 1 33 3 42 21 37 3 2 25 33 46 27 40 47 24 6 50 44 47 17 46 39 40 20 4 51 16 22 40 18 13 7 23 35 34 41 
38 33 27 22 15 43 13 30 51 27 44 48 26 15 21 35 48 14 5 4 15 41 31 1 24 28 45 26 32 2 16 37 14 1 30 1 1 10 13 1 19 31 48 1 41 51 33 20 26 10 31 47 41 46 44 41 28 36 33 30 17 46 29 35 5 24 49 40 10 32 17 37 20 28 9 48 28 43 9 43 36 37 1 34 23 47 33 45 1 29 32 36 7 6 28 1 48 48 28 44 
25 38 42 14 40 45 31 50 36 7 34 17 20 28 45 48 35 13 33 17 8 46 28 26 20 34 12 3 38 27 12 37 19 33 24 41 18 29 30 37 39 20 13 33 35 9 28 12 33 4 1 22 43 2 36 41 29 25 8 11 47 37 5 6 41 16 23 51 50 51 4 33 30 45 13 47 38 8 20 4 32 22 47 49 30 1 26 26 39 46 35 2 45 17 29 26 45 20 23 19 
38 22 42 7 43 7 46 32 31 38 35 15 15 32 15 14 26 6 34 29 34 35 33 33 5 34 23 37 10 34 51 5 10 49 7 32 36 40 3 47 23 10 26 7 11 19 26 14 31 17 49 37 15 1 30 10 7 21 21 4 29 33 44 2 33 2 4 7 38 4 23 26 51 19 14 5 25 25 35 25 19 46 23 42 37 14 37 23 14 47 31 40 45 42 16 40 45 8 33 27 
12 14 51 28 30 33 22 14 45 39 27 51 34 33 2 22 41 27 9 16 6 48 47 14 16 47 48 32 21 40 47 12 5 42 43 5 46 28 43 21 35 15 49 46 10 50 20 40 32 29 41 12 23 49 40 42 3 1 14 47 7 45 6 48 38 9 10 30 24 8 45 44 40 30 5 8 15 15 7 46 28 19 24 15 32 11 48 37 22 22 51 39 15 27 31 45 28 11 1 51 
11 27 32 11 2 37 37 22 40 35 47 13 29 11 48 15 4 38 6 29 38 5 49 23 45 18 19 19 5 48 32 20 31 15 14 8 48 27 39 37 18 11 8 14 38 18 42 33 24 47 49 30 17 46 7 9 12 35 51 38 32 44 36 25 1 36 22 29 37 12 24 2 49 7 12 32 18 20 19 20 27 1 37 13 41 11 1 40 24 40 30 20 40 11 23 48 23 36 40 19 
33 40 25 35 40 51 16 4 42 25 1 16 25 10 41 8 39 10 18 19 21 43 30 40 47 17 44 29 8 7 21 11 40 3 37 22 24 47 5 22 43 45 4 21 10 27 35 39 43 42 22 32 29 50 46 18 10 6 13 7 15 27 24 26 29 19 42 10 17 48 47 39 43 5 12 2 46 19 43 45 42 36 36 18 36 34 4 41 41 42 34 49 24 23 50 49 14 39 16 38 
6 46 49 16 14 42 49 25 39 8 18 35 19 23 18 2 31 29 29 13 36 14 25 42 10 38 32 37 26 22 48 8 46 46 30 24 15 32 7 15 3 40 30 30 19 12 40 37 26 49 39 9 45 30 3 26 26 31 51 32 32 34 6 37 29 39 32 37 3 4 29 31 16 36 28 43 48 11 32 43 38 7 23 16 18 17 29 40 39 15 13 43 22 38 26 38 50 31 25 9 
34 38 33 41 20 31 11 30 43 11 18 19 12 26 36 12 24 44 48 45 41 17 6 31 12 11 5 27 13 10 23 36 47 11 28 7 46 20 51 14 39 38 51 26 26 21 7 20 26 36 49 26 46 12 37 24 7 17 4 32 28 51 49 19 36 47 14 29 5 45 46 26 37 42 40 36 47 27 25 48 40 23 26 47 10 29 50 29 6 1 24 41 26 31 32 38 20 21 44 10 
19 38 11 20 6 22 3 41 7 38 38 35 43 10 12 18 25 16 42 22 17 26 12 50 25 47 49 16 5 2 11 12 40 4 20 13 31 38 2 40 13 3 4 17 34 27 27 46 38 30 23 41 18 15 4 41 3 27 31 41 50 48 5 40 15 18 32 41 23 48 43 47 35 24 7 41 10 38 26 15 37 6 30 41 22 23 12 32 44 42 45 11 16 13 50 29 43 29 23 41 
42 7 46 18 33 46 33 38 28 3 29 46 35 11 41 3 18 4 48 17 10 9 22 28 8 16 34 14 8 14 41 32 18 12 13 22 1 43 15 50 46 47 6 50 27 33 39 17 40 30 27 5 44 2 39 22 42 51 18 46 45 21 16 41 51 27 39 10 14 6 40 51 12 11 27 41 19 46 40 10 36 31 51 36 44 2 28 15 14 46 31 12 29 27 12 29 24 20 19 48 
21 15 27 45 41 22 42 15 2 3 45 35 5 41 2 29 18 21 42 43 50 29 3 10 40 10 20 34 5 15 41 7 38 26 10 36 38 36 35 45 17 1 22 33 26 34 43 44 43 6 48 3 12 44 42 26 1 16 12 36 46 3 15 45 35 51 40 8 14 5 40 14 15 9 7 43 39 32 34 27 2 40 42 36 28 12 6 38 24 37 9 22 14 8 51 41 29 18 49 39 
41 40 48 32 29 23 44 50 15 14 14 7 27 5 25 42 21 46 3 37 47 50 2 49 40 5 30 22 47 23 14 41 30 26 11 49 9 10 7 6 13 19 36 30 12 27 17 49 22 26 39 22 24 44 9 26 41 28 41 23 7 12 9 8 29 40 48 15 14 48 48 31 10 4 2 48 14 7 23 9 11 9 8 10 51 30 26 29 28 20 26 29 34 45 43 35 27 41 27 50 
31 13 13 49 31 8 5 46 14 29 38 10 6 50 6 10 12 3 36 38 10 21 19 36 10 21 2 19 28 38 34 37 12 13 8 32 12 20 1 29 4 1 38 31 6 36 38 51 16 27 4 30 19 17 20 4 44 44 31 39 34 35 46 38 30 41 16 17 9 8 27 33 35 17 23 3 4 41 39 17 24 23 29 28 22 39 50 19 37 6 33 34 18 18 41 29 35 3 5 37 
19 47 28 34 12 4 15 14 14 33 30 22 3 39 9 42 16 22 40 44 31 8 39 44 12 30 44 25 46 40 16 7 40 16 42 3 30 13 29 34 7 9 50 27 7 49 34 7 2 4 39 21 40 15 47 44 46 15 33 10 32 10 11 25 49 15 28 14 50 6 12 9 20 46 10 35 38 11 18 43 5 10 18 6 46 28 26 21 13 42 48 10 22 23 29 47 25 39 43 40 
5 50 47 30 30 47 32 47 29 13 16 29 24 29 37 10 39 47 5 42 38 4 9 3 46 29 3 35 45 16 21 33 37 23 48 11 42 7 3 19 4 37 47 48 16 3 12 39 6 24 40 24 33 16 30 23 32 23 10 46 48 8 22 14 26 13 27 4 37 20 10 4 39 41 37 29 18 32 6 29 23 28 34 28 42 21 26 23 5 25 39 8 48 50 3 28 8 13 47 44 
1 15 19 33 39 39 27 28 17 13 39 46 9 23 2 16 21 7 25 16 13 27 20 8 24 24 16 21 38 47 14 22 35 20 3 49 33 25 8 18 19 20 35 46 44 43 31 46 11 20 19 2 2 25 43 5 34 31 13 13 27 50 1 9 48 37 19 19 50 26 26 32 19 48 41 9 27 50 9 46 47 35 43 15 26 17 9 32 41 42 18 31 14 38 18 20 15 8 7 5 
39 32 49 4 43 32 28 33 39 21 32 18 37 22 31 9 28 16 9 12 38 29 35 34 23 5 32 17 10 34 24 16 43 6 39 7 25 14 9 31 11 40 7 36 38 12 39 32 15 32 47 20 49 20 42 27 26 3 6 8 33 9 35 31 48 26 32 14 38 27 17 45 36 4 32 26 25 39 4 3 19 30 8 12 30 49 24 41 44 8 8 46 3 33 28 37 25 49 28 22 
22 35 47 26 1 5 34 48 50 27 41 40 1 17 30 1 45 45 12 16 12 36 48 42 7 12 36 10 27 1 7 10 49 45 36 37 23 34 23 10 11 34 31 37 9 7 49 42 12 14 7 47 16 32 10 31 9 45 37 30 50 32 23 23 45 35 17 4 41 1 3 35 30 13 11 43 25 48 17 45 50 47 49 32 31 6 13 50 41 48 4 29 41 14 6 9 28 17 42 4 
33 3 35 18 32 5 41 4 49 28 39 47 40 32 30 25 8 38 30 32 6 19 7 44 20 18 40 17 33 3 21 6 42 41 30 24 15 40 17 40 13 9 15 47 1 44 18 18 5 50 43 42 20 48 37 13 40 23 30 42 9 29 30 6 13 32 45 37 40 4 17 37 24 22 1 51 48 2 51 39 33 31 39 11 4 19 34 4 1 10 25 43 11 45 40 22 8 47 11 13 
36 12 47 42 46 41 29 32 46 22 26 50 13 26 31 26 38 47 14 23 8 41 46 26 34 36 24 18 34 48 18 20 40 29 23 7 45 45 41 39 32 11 51 6 24 34 49 31 4 15 34 11 43 21 24 19 40 13 29 2 4 18 13 5 37 2 29 13 12 36 40 14 49 8 7 16 25 43 20 2 20 16 36 28 7 27 30 48 39 46 10 44 11 45 7 20 15 5 43 6 
10 34 36 4 41 20 25 3 37 26 1 2 39 24 46 49 42 9 17 12 45 47 22 43 24 33 36 46 21 47 22 5 48 28 45 22 12 21 38 21 30 17 3 38 38 13 2 21 39 6 23 40 31 14 42 36 40 21 7 24 11 28 8 4 12 44 40 2 24 48 12 31 5 14 50 46 43 9 44 32 18 27 48 45 11 4 14 7 35 20 24 3 15 44 7 18 39 7 46 15 
6 18 36 7 18 15 31 38 5 31 10 45 7 36 18 35 5 27 43 17 43 51 37 3 9 17 34 43 23 1 22 19 18 34 38 37 44 16 27 42 19 32 26 40 14 2 8 20 20 7 19 28 11 29 28 42 9 50 28 47 51 39 22 32 4 43 3 41 8 39 44 15 29 29 25 44 24 39 14 35 12 12 4 50 6 33 43 10 24 14 48 33 3 33 42 44 34 33 32 42 
7 19 20 31 41 50 22 1 41 45 33 39 4 24 18 50 3 36 8 37 11 10 31 29 1 14 46 14 16 40 41 47 47 41 50 51 46 16 6 38 42 17 36 22 31 23 21 1 16 9 39 13 1 45 40 37 15 25 25 19 5 14 28 9 27 19 45 43 18 48 3 49 30 22 16 16 21 7 26 48 1 5 23 50 2 3 28 46 21 4 46 38 43 7 42 29 1 4 5 41 
44 33 24 49 21 3 28 46 26 50 30 44 22 6 29 44 45 37 40 31 19 1 38 43 8 19 34 49 30 19 50 18 18 34 40 34 40 47 27 44 44 11 33 35 1 4 21 40 36 33 39 34 50 34 43 27 24 30 42 16 31 4 40 40 8 49 11 46 41 29 51 35 46 38 24 2 28 51 10 34 48 50 42 32 37 8 24 45 10 30 30 34 7 19 38 6 21 20 44 27 
18 21 36 22 10 27 44 13 13 41 34 12 19 34 23 32 25 17 29 45 49 29 33 19 30 50 37 4 40 25 21 43 46 21 3 25 39 25 18 10 40 20 4 18 34 34 19 17 8 20 35 37 25 41 31 39 40 9 7 23 5 11 35 19 43 27 43 33 34 24 11 15 15 11 1 33 40 47 50 23 39 33 43 26 1 31 21 42 45 44 3 28 34 40 23 20 4 47 30 19 
16 22 18 51 1 11 47 40 2 45 51 46 44 45 21 44 12 1 42 23 12 34 21 29 31 45 33 29 27 28 9 48 43 50 17 46 25 49 3 33 36 19 38 29 18 36 12 21 45 8 36 35 5 12 7 24 45 5 27 6 51 43 24 5 5 45 28 50 25 31 47 39 48 1 33 47 48 36 45 46 40 14 31 19 19 51 3 27 42 42 5 49 35 19 28 28 35 18 42 49 
11 41 10 50 45 44 7 33 22 37 39 24 24 24 4 2 51 10 38 23 29 48 14 44 17 44 4 34 23 16 22 47 38 25 48 14 42 35 49 24 43 25 47 27 29 11 22 15 19 34 3 6 9 30 51 30 20 48 33 49 1 19 12 7 13 42 4 22 37 23 36 15 8 6 31 19 24 4 27 48 13 9 41 10 7 46 16 28 2 28 10 38 28 13 39 28 28 10 49 34 
12 28 34 21 43 32 22 4 30 25 43 45 42 46 5 5 35 5 28 51 40 13 25 23 9 31 14 37 25 20 27 13 18 14 2 17 33 39 6 43 27 45 17 2 41 7 30 15 40 3 47 41 49 49 5 17 22 40 40 42 41 51 15 30 38 5 9 8 28 14 12 40 33 2 40 14 19 4 40 27 33 30 39 39 23 34 12 46 29 5 32 23 51 11 26 29 24 29 41 15 
22 32 6 49 39 21 45 44 33 20 44 41 40 3 44 27 37 25 36 17 51 12 31 43 6 18 3 51 26 38 18 6 27 37 5 49 43 33 6 51 1 32 50 16 2 22 45 33 33 3 36 19 46 43 4 40 34 2 12 50 48 13 2 1 42 5 2 18 6 27 47 37 34 2 8 49 25 24 8 46 49 3 41 28 20 39 46 45 20 24 14 13 31 7 37 11 19 26 46 42 
50 38 24 37 3 49 2 6 11 41 8 22 35 27 51 16 45 20 5 3 41 16 41 36 1 6 7 37 48 34 32 37 34 43 17 13 29 11 1 12 50 23 40 25 19 9 5 22 18 24 28 7 7 3 50 38 42 19 44 39 27 10 38 41 16 29 15 46 35 20 22 10 26 47 49 41 32 28 24 24 26 21 49 43 7 22 45 51 46 3 6 17 34 34 26 42 13 10 47 37 
14 19 14 10 23 34 12 2 13 10 41 11 20 16 18 9 40 8 2 35 42 47 23 45 4 4 28 10 46 31 17 45 28 27 46 51 2 38 14 23 25 7 3 46 5 12 1 15 14 20 5 4 7 2 30 34 12 36 21 9 26 35 21 51 1 34 12 49 48 18 45 25 13 34 49 13 38 51 6 10 12 3 36 37 23 45 48 8 19 48 25 17 12 15 13 42 29 16 27 41 
2 29 15 17 45 15 4 12 44 15 25 2 5 19 2 15 2 10 28 37 47 17 34 22 42 40 41 24 44 23 18 24 26 25 47 24 9 42 25 1 24 27 19 13 9 10 48 50 47 12 42 42 34 13 9 22 29 28 42 15 1 27 49 48 20 8 16 47 28 22 35 30 17 9 45 39 44 14 34 15 29 13 37 15 6 18 35 33 27 18 46 8 8 51 31 30 42 41 29 21 
