100 100 50
23 23 21 5 26 13 8 32 17 5 19 48 37 25 48 43 9 15 18 28 22 13 35 38 46 13 10 11 39 6 36 22 48 10 5 27 39 21 3 34 17 25 4 37 33 48 10 5 29 21 25 20 6 24 4 2 1 31 33 9 35 5 28 18 16 50 17 15 34 18 22 16 49 11 46 19 49 13 3 13 12 12 16 49 8 47 33 48 17 48 4 33 27 9 41 15 13 47 18 50 
2 14 50 15 35 15 20 7 18 1 8 30 41 46 20 20 45 44 37 41 10 37 7 48 12 46 9 13 9 48 37 34 8 43 1 25 40 31 25 27 45 30 36 8 6 33 49 13 19 3 19 18 3 13 26 48 27 27 46 35 20 47 13 27 29 47 13 19 50 4 40 7 47 24 10 12 4 18 14 30 32 1 2 41 35 44 20 12 26 15 48 7 22 20 22 42 40 26 38 7 
16 34 35 42 8 28 7 39 12 29 5 5 46 28 9 23 6 21 3 20 14 17 17 12 5 44 43 1 6 30 46 4 4 11 43 27 41 43 48 29 46 49 6 24 37 24 26 50 16 33 30 47 31 37 23 49 1 30 33 26 40 38 39 19 25 28 15 42 2 33 6 31 20 39 48 30 33 5 28 15 23 12 14 40 28 33 3 47 11 46 46 15 15 25 29 2 30 26 38 19 
32 35 15 18 43 1 23 21 12 32 39 43 18 35 2 23 18 5 50 42 22 4 28 11 6 2 36 12 18 50 21 40 11 35 2 48 12 31 29 14 25 9 28 29 30 5 27 3 44 38 44 19 3 27 47 49 26 23 48 41 23 10 44 5 2 15 7 17 22 40 39 9 45 39 40 29 14 8 41 47 6 2 48 41 38 47 47 3 44 17 45 19 5 30 7 12 9 25 39 4 
1 17 28 6 42 13 36 4 14 19 17 9 4 11 50 49 42 50 15 41 29 39 18 30 39 28 27 12 23 5 38 16 20 20 36 19 9 2 3 4 21 36 1 27 15 29 30 15 32 43 45 3 48 29 26 17 11 10 1 49 15 26 2 45 19 30 47 19 21 5 21 50 27 45 32 15 46 18 25 17 27 36 4 11 14 26 25 35 14 3 16 8 2 1 45 35 42 47 35 45 
35 4 33 25 26 7 47 50 49 28 13 3 32 8 26 22 12 21 13 48 20 18 28 17 31 46 10 36 35 31 31 40 48 21 1 35 45 48 32 48 10 5 19 48 33 35 26 20 7 9 43 33 17 29 23 4 15 20 5 2 7 50 46 14 42 16 1 28 28 20 25 43 9 46 34 23 45 15 1 3 13 9 49 13 50 35 39 35 20 32 44 15 5 47 12 3 30 13 31 49 
45 19 8 31 19 38 17 44 38 24 41 35 46 43 38 35 22 10 22 30 5 12 9 45 27 27 31 41 20 29 35 21 8 44 32 7 35 28 9 46 47 28 19 14 39 16 23 7 44 36 30 15 44 34 47 35 26 3 2 34 38 28 43 27 41 7 48 36 43 8 16 5 47 35 14 29 46 42 19 30 44 29 32 41 20 42 47 44 15 37 13 29 45 24 29 17 44 36 49 30 
6 21 22 2 24 38 32 3 1 28 36 31 15 27 38 25 26 38 34 4 26 21 39 25 13 2 28 2 35 49 7 32 46 40 11 29 35 32 5 10 6 18 20 8 22 44 12 46 1 21 2 14 31 1 32 31 39 40 15 40 25 14 1 25 40 33 19 33 38 32 43 14 33 38 12 30 50 7 32 38 45 49 12 5 23 26 10 14 5 29 43 25 16 45 19 19 15 39 40 33 
15 29 38 36 2 40 15 5 14 22 26 39 47 12 13 10 36 13 24 5 25 38 33 40 39 15 11 40 19 33 46 14 9 12 36 32 12 28 29 17 21 15 28 25 36 8 48 36 26 35 8 19 23 37 2 15 38 4 28 41 37 24 3 5 4 38 49 29 28 15 36 13 3 35 39 24 11 45 17 2 29 46 9 8 34 40 2 30 18 2 20 2 34 20 22 46 7 16 33 9 
43 9 17 19 3 34 27 44 24 11 31 18 31 7 6 41 18 29 25 22 36 11 13 26 28 9 37 8 17 15 33 4 16 12 15 28 31 9 11 15 48 9 6 18 21 18 34 12 5 14 15 34 48 31 47 23 24 13 48 33 8 16 11 3 37 2 26 46 37 4 44 29 50 12 13 27 4 10 1 5 48 20 29 27 49 27 7 1 41 31 15 5 20 27 17 4 26 50 49 6 
26 16 47 3 48 46 14 29 18 12 4 25 37 27 15 38 7 17 16 4 2 6 38 10 14 5 22 1 24 34 38 27 40 15 49 34 9 15 10 34 23 6 12 18 29 8 18 4 26 14 15 1 10 14 10 47 28 29 20 15 26 43 42 13 49 28 25 32 19 9 5 29 36 29 44 1 40 50 49 30 21 20 1 25 45 7 40 28 13 22 1 46 28 25 2 36 44 12 23 26 
37 3 37 8 27 42 6 10 20 31 17 25 46 35 36 24 19 14 4 23 26 10 40 6 31 29 42 27 11 11 44 42 9 23 10 46 2 36 11 21 47 12 12 42 7 2 31 22 29 10 29 7 36 47 22 43 27 28 30 33 36 48 13 14 11 43 31 36 26 47 25 38 15 17 8 10 48 40 4 34 15 7 16 11 40 10 50 49 50 49 29 15 31 50 5 45 3 27 47 41 
4 37 27 47 27 19 15 4 10 44 37 25 42 39 12 14 10 3 18 21 11 3 2 19 48 15 2 5 21 38 29 5 49 20 14 30 7 3 13 46 30 14 27 20 30 25 24 20 26 27 5 44 28 23 15 14 9 39 33 13 20 17 21 17 3 4 16 29 32 48 23 44 21 41 45 7 8 36 11 16 43 44 11 34 43 21 26 14 50 38 46 38 48 20 10 7 42 6 23 8 
9 47 5 8 42 32 13 3 14 41 42 25 38 18 21 22 30 2 30 39 13 34 44 23 47 50 26 25 41 11 12 28 45 42 37 32 44 27 33 9 15 26 13 10 2 18 44 18 32 36 2 19 28 17 7 15 30 9 4 34 27 46 27 21 22 42 12 22 29 34 8 27 14 42 48 15 34 40 4 9 29 36 50 7 44 34 8 28 1 25 13 25 13 16 17 43 31 35 1 48 
20 18 49 39 2 40 8 8 36 28 41 2 35 41 19 43 40 1 30 9 29 5 7 42 37 27 21 8 21 48 26 28 24 35 10 48 46 25 39 39 6 18 26 4 37 50 36 5 10 26 48 49 37 12 44 4 28 35 30 30 20 24 23 2 16 10 8 10 3 7 32 40 43 8 23 24 24 26 45 10 40 27 32 15 42 11 20 17 40 26 12 5 20 36 44 2 2 49 5 23 
48 9 42 6 44 20 8 21 26 46 38 23 48 21 15 6 12 27 5 5 38 12 16 29 15 19 50 36 20 6 32 26 15 20 37 13 33 3 2 19 35 24 33 40 23 20 42 9 29 17 41 11 6 12 39 2 31 10 15 35 10 30 32 11 35 33 20 14 36 32 40 50 22 15 8 38 45 10 45 38 47 29 12 49 34 11 27 40 48 6 6 3 3 24 8 49 19 4 32 5 
8 26 12 41 3 11 40 8 15 37 43 45 11 34 43 31 38 6 42 17 42 46 23 46 13 50 24 48 22 40 8 13 25 33 3 11 49 2 18 6 4 3 47 31 18 37 50 46 15 26 33 8 45 15 42 43 7 15 47 14 50 16 5 45 45 40 42 31 24 23 28 11 19 46 33 27 35 20 12 48 23 23 7 20 24 35 24 42 26 34 19 32 39 15 12 27 12 17 38 50 
46 40 15 26 49 44 39 27 19 1 20 13 45 35 15 34 14 40 8 34 26 10 8 30 44 40 5 18 9 25 8 19 5 13 36 20 30 15 32 21 9 18 30 42 16 23 37 19 29 28 21 27 13 14 33 25 49 20 25 4 28 16 36 45 36 33 21 8 30 2 17 3 22 16 22 17 18 20 42 37 19 47 46 26 29 49 46 27 2 10 39 39 32 11 46 30 29 16 33 47 
15 15 11 9 18 45 23 42 38 20 23 20 4 46 36 31 17 19 19 1 49 33 47 17 30 7 32 35 26 40 26 40 9 38 3 25 47 17 18 16 13 11 14 5 2 15 25 24 32 22 18 23 37 41 47 2 30 29 9 21 27 42 1 28 26 12 3 41 3 12 35 43 41 19 9 16 22 29 30 20 48 15 19 13 37 35 35 4 6 39 37 9 15 50 30 32 37 3 47 30 
15 42 20 2 42 2 34 17 46 25 24 25 7 49 27 7 23 29 12 24 36 37 21 20 23 39 28 47 9 16 20 25 5 5 19 6 20 3 22 5 3 20 32 21 44 17 49 28 49 26 25 44 7 25 9 9 47 14 32 34 2 10 14 50 6 8 45 14 3 50 2 6 17 46 2 45 18 16 1 17 42 2 22 14 5 13 37 1 30 49 13 44 34 41 3 50 43 24 36 18 
26 20 33 27 4 30 15 40 12 18 1 4 50 35 16 13 50 32 39 30 25 38 11 1 18 32 7 28 17 41 11 9 9 35 35 13 8 39 5 6 18 30 23 38 15 30 50 36 4 25 30 13 15 43 3 4 28 27 27 27 16 16 21 25 43 42 7 5 38 35 7 11 41 46 32 50 43 12 22 31 26 10 17 28 26 41 6 41 29 10 38 12 10 39 13 47 25 3 16 4 
8 50 1 2 20 43 22 17 37 4 33 25 20 39 24 3 39 29 44 49 22 15 14 22 25 12 41 20 38 28 15 12 33 20 25 27 41 26 35 10 23 21 50 24 7 29 10 27 5 39 50 46 24 38 28 12 47 31 22 34 21 40 28 19 50 37 25 28 19 44 24 10 2 43 33 7 37 37 49 39 48 30 30 23 49 36 21 46 49 29 3 3 28 20 6 27 28 7 47 45 
43 44 23 24 19 11 24 8 34 16 13 42 45 4 17 14 8 45 15 26 39 3 14 43 39 24 39 20 42 14 13 11 10 37 15 8 12 4 22 39 6 15 5 37 46 45 47 5 39 43 40 47 1 50 19 18 20 20 4 21 2 37 37 30 18 7 43 7 48 16 16 17 5 20 17 22 5 49 46 19 38 4 17 1 20 36 20 46 30 35 8 50 16 12 50 13 18 34 50 39 
8 36 22 30 20 18 11 25 15 48 19 5 49 9 49 41 3 8 50 27 40 31 8 22 6 48 46 24 33 34 10 44 16 13 38 9 28 24 28 11 40 3 15 15 5 44 36 18 24 13 8 3 29 20 7 26 31 27 50 25 36 24 37 31 25 50 13 5 22 49 48 4 12 7 38 40 15 39 33 16 42 23 9 19 47 37 2 37 22 12 45 28 38 22 2 31 43 2 30 38 
43 2 18 38 4 16 28 27 40 15 35 48 31 39 7 31 1 10 26 44 42 23 6 25 5 29 12 40 44 28 24 10 38 23 2 32 8 31 19 3 47 25 50 33 9 20 40 50 49 44 22 48 44 18 31 19 39 1 21 42 23 44 43 12 3 11 37 24 17 23 44 39 9 6 13 35 24 9 35 24 44 1 36 48 39 41 1 18 8 8 8 11 12 43 9 28 34 13 20 12 
24 20 3 21 19 50 31 48 15 42 20 22 41 22 18 27 29 17 47 37 7 45 50 27 45 10 8 47 31 46 21 31 20 42 40 36 22 23 6 24 13 3 25 32 29 25 8 31 11 9 12 15 5 21 11 21 10 19 24 27 39 18 30 6 2 44 48 10 15 40 44 34 44 15 12 9 21 20 49 30 44 19 14 22 35 20 26 43 8 36 15 11 33 28 49 38 27 10 26 16 
30 4 45 40 3 2 47 41 17 29 46 33 31 42 6 3 12 42 40 26 3 50 50 21 9 9 5 19 12 8 12 26 18 12 22 14 8 43 11 15 25 4 49 4 39 23 9 21 23 34 32 14 19 9 26 46 7 25 25 19 12 41 44 17 49 47 1 19 40 45 39 26 24 47 14 28 10 8 11 39 27 33 24 50 15 32 6 13 38 23 21 32 11 36 13 14 13 1 13 39 
32 4 29 41 45 27 26 6 1 47 42 29 40 5 45 25 42 42 25 43 26 19 35 22 29 15 26 27 21 19 4 10 21 44 8 49 29 28 5 45 32 39 43 32 5 7 22 35 36 41 32 40 11 29 36 18 10 5 12 10 48 8 3 6 18 33 47 36 26 20 20 36 30 17 13 21 14 20 23 41 5 44 18 48 38 46 29 23 44 42 34 48 47 15 1 35 23 19 39 37 
12 37 18 22 21 23 24 5 27 46 31 6 29 47 15 22 46 49 20 30 10 11 37 43 40 49 19 25 33 4 49 30 45 31 11 23 28 30 50 27 20 18 43 32 6 8 21 49 30 15 20 40 40 25 23 31 39 50 24 13 13 39 18 24 48 15 44 2 45 34 20 12 1 42 16 40 24 29 17 3 34 23 37 29 13 14 2 9 19 42 23 22 37 41 28 6 33 2 30 27 
27 44 6 38 3 6 20 10 44 40 7 33 1 46 35 3 13 20 26 18 32 27 13 21 1 33 24 2 6 7 40 32 37 44 16 37 16 49 22 27 11 29 11 42 38 1 16 24 49 43 30 9 34 35 50 20 15 12 50 37 8 4 3 12 30 33 3 7 32 6 24 16 11 2 36 7 22 5 8 9 31 33 31 27 3 24 28 18 7 2 26 41 47 16 24 32 28 35 49 8 
37 26 3 18 42 50 20 36 18 16 47 34 12 50 13 47 39 15 41 32 24 42 2 8 9 25 2 49 12 18 31 18 10 14 34 28 34 21 37 18 50 35 50 39 23 33 19 44 48 6 15 49 23 3 47 32 15 48 43 17 46 1 49 7 16 43 4 15 36 45 47 18 18 48 24 34 16 15 42 29 15 2 23 27 28 4 47 4 22 9 43 2 4 39 47 4 49 8 9 34 
34 31 17 14 30 15 33 30 6 35 49 46 24 2 10 35 9 19 25 33 2 5 7 27 19 16 35 24 19 39 44 14 2 31 31 48 21 21 5 50 6 29 33 14 50 26 48 6 17 30 19 33 9 22 38 7 8 33 19 31 35 30 42 3 47 9 48 9 13 17 32 39 17 21 22 44 12 34 27 14 40 23 39 7 14 23 32 38 11 28 22 19 32 12 37 6 28 33 38 38 
31 6 18 42 3 24 20 1 22 38 11 28 42 13 48 42 3 43 20 34 16 9 4 5 4 28 7 18 14 10 10 25 17 24 4 41 10 25 50 22 24 47 44 7 11 9 6 43 33 12 47 37 34 40 45 33 1 35 42 35 41 39 24 28 49 22 39 6 15 3 12 11 42 48 19 14 19 24 50 15 26 30 5 35 40 45 50 16 37 2 26 43 17 6 43 31 4 4 29 36 
39 24 7 19 41 29 19 39 45 16 28 7 13 42 18 49 18 44 45 34 40 50 50 14 47 9 44 22 47 26 19 24 21 41 42 21 42 35 41 41 21 28 43 9 9 2 46 19 37 21 8 49 40 45 1 36 18 45 38 25 9 17 39 27 32 40 35 31 27 5 47 27 13 33 9 19 32 9 12 40 17 13 15 10 23 40 38 30 19 38 2 23 2 29 45 1 50 21 36 50 
9 27 29 31 41 21 28 35 30 14 4 3 40 24 37 18 49 41 1 36 50 36 11 9 23 17 26 10 41 21 22 13 8 11 5 31 3 24 12 7 42 17 41 44 32 12 25 21 31 12 33 4 19 22 7 21 27 45 34 27 43 6 22 44 34 31 16 47 22 37 36 27 50 7 12 40 39 29 21 47 34 28 19 4 48 38 29 3 26 20 20 28 43 36 43 47 29 6 46 38 
43 49 11 42 19 39 16 49 1 50 25 46 31 18 23 6 12 31 39 39 7 38 2 49 12 5 38 23 6 23 43 7 29 40 6 19 41 48 15 40 4 30 26 40 44 9 20 36 45 25 47 32 19 49 50 24 50 25 45 49 2 11 3 3 42 28 1 41 18 3 38 46 11 5 12 7 47 49 18 9 36 26 42 47 19 11 24 46 43 21 7 48 21 8 38 30 34 28 48 34 
7 21 46 32 24 1 2 14 44 1 8 11 17 30 9 44 42 40 19 24 17 21 33 28 41 40 42 36 11 9 16 17 21 38 20 27 9 1 2 40 33 47 1 46 19 34 2 5 5 18 8 27 8 29 48 36 47 31 40 12 32 42 49 41 43 5 28 30 4 17 44 19 32 17 13 10 4 5 7 36 8 18 26 14 37 14 29 10 7 12 50 39 27 23 37 48 35 4 49 6 
16 10 20 37 16 12 45 13 25 28 5 22 10 45 4 50 44 18 48 47 31 14 48 7 34 38 15 23 2 23 48 2 14 50 8 27 13 21 44 11 50 3 9 26 23 27 31 38 47 42 45 37 7 1 49 32 48 11 47 10 44 11 47 45 1 44 18 9 10 42 34 10 7 38 5 29 47 38 19 50 36 43 16 20 9 34 16 42 35 23 26 28 15 40 34 37 28 20 49 43 
34 28 23 14 6 18 16 32 33 40 14 15 41 25 19 50 49 12 29 4 20 24 3 22 50 50 13 22 47 13 13 22 38 42 35 37 33 38 30 29 14 27 31 25 20 11 50 38 4 33 6 9 18 11 11 13 24 31 3 10 45 16 22 21 17 44 10 24 7 32 27 5 47 17 29 45 2 45 15 26 41 40 2 36 14 6 29 30 6 1 13 20 19 47 9 43 50 7 47 17 
39 9 45 13 50 14 27 35 43 16 6 28 41 5 14 24 10 10 43 49 4 1 23 39 46 48 31 38 26 7 38 46 49 9 46 20 5 36 32 34 8 21 24 15 16 35 25 8 42 50 40 28 29 16 30 39 38 11 12 31 20 11 9 5 25 1 42 4 11 29 2 9 27 20 40 20 49 18 14 2 19 41 44 2 48 31 47 14 27 18 40 29 27 15 42 47 30 43 34 33 
49 37 38 43 32 32 33 38 23 46 16 12 40 22 42 33 20 14 30 9 36 40 21 20 30 3 17 19 6 32 15 16 13 32 21 2 16 43 25 34 20 4 21 25 23 14 47 21 47 38 38 22 39 27 39 7 4 42 24 11 38 11 50 33 36 46 5 38 40 7 7 5 41 35 21 29 4 43 1 19 36 40 24 15 29 21 8 6 28 24 15 7 41 21 25 24 39 38 7 8 
50 39 41 37 45 4 45 42 48 40 9 31 7 16 23 13 1 10 45 15 46 31 7 44 48 32 38 14 44 24 5 41 38 35 10 36 38 22 36 7 9 30 3 22 19 6 23 35 2 22 48 40 36 9 37 32 4 22 49 26 31 8 13 2 27 49 4 43 4 37 19 34 23 37 38 37 30 22 20 32 33 6 35 10 40 7 27 34 45 21 30 33 45 38 12 43 8 36 42 48 
21 24 11 8 22 20 21 28 35 7 32 18 28 49 26 36 36 21 45 7 16 39 23 16 17 39 5 11 44 15 27 33 1 47 18 50 38 47 6 26 35 41 34 16 45 5 33 2 25 29 22 9 4 1 3 32 25 36 27 29 40 31 44 4 10 46 33 6 34 37 42 49 42 32 33 2 4 9 18 40 34 7 6 38 49 19 24 47 28 16 10 45 46 8 36 2 9 15 22 33 
42 43 23 27 28 9 41 20 13 38 1 8 36 23 45 12 13 41 7 11 6 36 13 7 33 49 17 28 46 37 40 33 27 42 5 37 40 44 20 12 1 20 36 37 43 44 8 25 22 23 28 28 30 4 43 7 10 49 43 47 26 40 29 50 15 48 13 37 36 11 20 26 48 43 6 43 50 27 4 6 40 16 32 11 24 5 32 6 11 19 48 17 15 4 11 50 4 8 42 25 
40 36 12 50 14 46 11 16 3 16 7 29 9 15 45 46 48 14 16 37 21 6 38 20 17 7 5 22 36 5 50 32 24 8 17 2 11 46 45 16 40 45 32 7 23 38 6 47 47 45 22 48 28 12 31 8 14 35 46 29 48 37 22 26 38 1 48 24 45 38 14 38 50 38 31 39 43 6 23 45 44 23 6 1 19 47 31 20 49 46 7 50 18 15 3 23 32 44 9 3 
15 42 24 28 11 47 33 2 3 41 34 24 5 6 48 35 9 1 44 18 40 28 13 6 25 37 40 32 14 35 21 45 13 49 21 39 28 48 5 2 36 22 50 46 30 5 48 18 3 17 47 22 10 1 48 24 2 50 14 30 27 7 39 43 27 41 10 40 11 50 47 20 25 5 42 7 43 47 40 44 31 9 21 24 5 24 43 5 20 17 25 11 38 33 46 23 12 35 43 39 
25 16 15 17 45 41 28 46 23 3 28 19 34 25 28 21 30 38 10 43 39 41 11 12 3 38 18 38 32 44 47 16 2 20 5 31 18 42 23 7 4 9 17 41 13 4 8 9 9 17 31 7 41 3 25 31 50 43 42 43 34 44 22 23 23 38 17 7 46 18 12 23 17 27 16 32 14 3 10 19 40 32 26 8 43 9 25 37 24 24 9 20 9 32 34 22 46 32 33 6 
20 45 28 34 8 18 33 5 4 4 31 46 47 50 18 19 29 2 13 33 46 22 9 19 40 38 31 29 13 9 22 20 8 2 39 35 9 48 49 20 31 30 45 4 1 47 37 4 34 13 12 41 17 11 35 30 37 46 29 19 29 31 34 15 19 4 4 9 47 31 39 37 31 50 13 22 10 9 19 16 10 48 44 47 43 34 43 5 30 47 40 10 38 17 9 34 35 24 15 29 
21 30 33 4 6 50 50 4 35 22 8 21 8 27 10 5 1 27 37 5 50 25 38 19 4 36 28 36 46 20 8 4 21 33 12 18 14 28 19 18 16 3 1 48 4 41 35 16 21 34 20 23 17 10 27 1 50 2 1 1 34 9 28 37 24 16 6 42 31 40 26 4 3 7 30 13 22 50 42 29 9 41 13 17 18 33 28 49 43 25 41 48 23 34 18 44 39 39 29 34 
40 20 26 35 15 29 11 17 16 46 41 21 14 38 1 45 42 9 19 17 6 16 41 40 15 15 1 29 48 30 50 46 6 41 3 3 50 46 38 13 19 41 44 7 42 39 11 37 2 25 10 48 9 7 30 10 14 46 39 49 17 4 21 30 37 28 24 41 45 17 38 26 3 50 24 46 10 39 3 5 31 4 12 41 6 29 38 27 8 2 32 6 48 46 4 21 49 27 8 42 
40 40 49 8 26 41 5 18 3 4 15 10 18 29 30 29 36 20 49 42 33 34 39 1 46 47 15 15 9 9 15 1 39 42 26 39 27 9 8 16 35 11 1 14 21 7 17 27 46 13 39 40 39 40 5 24 14 47 17 24 28 41 32 45 45 7 38 27 37 19 49 28 5 45 21 36 38 24 5 21 44 50 15 41 39 5 8 6 22 27 34 18 21 32 30 4 26 24 43 40 
1 28 19 37 3 22 41 40 31 5 18 15 40 14 3 41 50 48 8 24 15 1 40 27 36 25 8 39 6 20 43 24 18 12 22 5 41 5 31 33 10 8 25 24 45 25 27 47 11 7 31 27 5 47 13 49 26 19 28 40 2 46 18 50 20 17 50 18 46 15 20 27 34 32 21 48 45 5 40 9 41 5 7 15 42 36 41 17 48 10 24 6 4 5 37 3 49 10 31 27 
12 47 22 30 47 21 29 13 47 13 1 32 9 5 15 3 23 14 39 43 29 25 37 19 50 29 5 21 35 7 13 36 8 45 14 43 6 33 43 13 5 47 5 3 34 49 37 22 27 34 28 3 28 49 46 19 46 37 26 9 49 33 39 8 36 3 10 44 45 26 22 36 5 34 47 10 11 34 10 31 6 27 24 20 46 5 24 33 46 19 36 32 15 5 37 18 1 1 46 18 
13 3 28 10 27 21 43 22 39 44 39 41 22 24 45 26 1 26 31 27 21 1 13 49 5 16 43 14 23 30 9 39 24 12 48 31 21 30 10 22 37 37 34 36 2 33 12 19 40 43 33 36 43 18 23 13 46 19 14 31 49 38 26 38 42 2 7 10 49 7 16 31 48 7 27 41 22 49 9 12 38 7 4 34 35 19 1 49 33 35 42 24 35 14 25 14 30 16 48 3 
25 47 5 27 11 36 39 42 22 19 50 13 12 39 40 36 14 8 2 28 8 30 34 49 23 22 45 36 27 37 12 49 16 10 40 15 47 40 11 34 6 13 29 18 44 10 50 23 16 14 5 12 16 38 41 40 17 3 18 43 25 5 44 3 47 3 48 2 18 37 25 17 8 3 27 41 9 47 41 16 4 41 8 20 44 26 14 41 6 2 31 34 21 11 50 45 28 34 5 45 
30 6 44 16 17 22 40 30 32 2 8 4 43 9 41 49 3 24 24 17 2 47 7 35 20 3 31 36 31 26 48 27 13 23 44 21 27 31 10 6 28 20 8 10 17 12 39 33 50 25 44 35 7 8 17 49 31 10 23 27 10 42 41 9 21 36 8 32 3 5 14 13 7 2 18 20 29 16 28 31 15 10 18 26 12 4 40 30 47 20 36 15 27 14 38 5 50 4 28 18 
12 6 6 20 15 1 35 40 44 10 27 24 42 38 43 12 28 30 23 48 1 17 4 28 32 23 4 20 43 15 37 48 11 29 31 7 14 17 18 15 44 35 18 40 1 20 23 37 7 22 39 9 47 26 9 33 30 34 23 2 22 5 30 21 34 42 41 14 38 40 36 21 48 5 43 5 1 42 24 28 18 48 1 50 39 39 11 11 30 37 44 7 42 2 37 20 7 41 50 18 
28 16 49 41 24 4 13 39 43 2 38 39 2 14 18 30 43 15 26 13 19 4 37 12 27 11 19 8 19 28 46 25 14 26 29 10 43 24 28 46 47 35 14 14 48 21 24 32 14 32 34 28 19 8 2 21 5 45 8 43 17 48 21 13 8 20 21 40 4 24 12 48 31 4 15 17 18 6 46 48 8 25 33 50 31 38 29 34 15 28 41 24 26 19 39 19 35 12 26 39 
50 13 26 6 35 4 36 5 13 49 43 35 30 31 6 15 36 25 4 33 25 35 12 43 3 46 6 6 37 5 1 18 23 30 13 15 46 8 29 41 23 36 1 24 23 50 5 14 15 2 22 40 44 39 34 36 23 31 45 22 1 8 35 42 45 39 38 44 50 36 29 21 22 25 22 44 35 27 24 23 7 20 6 2 33 28 7 10 38 10 13 36 18 34 12 48 6 6 27 34 
50 17 35 1 39 22 20 30 39 45 45 42 14 19 17 22 12 19 2 24 41 29 8 40 44 8 27 16 8 45 22 19 40 20 22 23 38 45 42 41 16 42 39 50 42 28 36 48 39 35 38 23 37 41 40 47 40 44 46 28 21 30 36 27 48 10 36 33 24 29 2 29 42 22 39 35 47 13 2 20 34 21 38 33 9 6 40 39 25 9 22 43 46 43 22 41 31 49 48 9 
36 26 39 3 4 9 40 15 35 21 10 9 12 15 11 12 46 9 40 2 49 35 11 26 14 10 18 46 7 50 37 45 46 48 13 25 47 40 49 17 29 39 22 34 50 44 31 48 39 48 11 17 25 45 30 3 37 41 27 8 37 19 10 48 3 42 30 23 26 29 4 42 6 19 21 45 1 45 10 35 7 11 9 45 23 36 37 41 9 7 17 44 34 3 33 48 45 5 10 25 
38 45 29 3 39 9 50 29 8 22 11 34 30 3 32 13 6 34 49 32 5 5 18 30 40 24 6 33 41 14 39 12 33 6 41 32 30 1 6 28 5 49 16 50 5 50 24 15 19 5 24 8 1 36 36 26 37 20 4 6 44 20 38 25 21 2 5 33 9 38 35 17 9 13 20 34 38 16 33 22 22 29 43 29 49 2 18 50 7 2 38 11 1 18 10 27 38 4 28 5 
28 12 17 26 23 13 1 3 36 47 28 21 9 39 6 39 33 29 27 20 45 14 14 49 14 4 9 40 6 14 24 34 46 9 42 50 9 13 26 35 44 37 41 25 38 15 17 38 1 26 44 1 33 38 26 28 45 34 45 42 38 1 28 17 34 8 48 16 3 11 2 45 28 36 8 26 47 41 42 41 32 37 19 35 13 21 4 2 50 33 4 5 15 21 21 14 28 7 20 50 
50 35 8 44 42 34 28 7 1 30 23 17 4 7 22 6 27 24 21 40 19 46 38 49 47 17 42 22 30 11 10 15 35 39 6 49 27 3 26 13 17 19 2 46 26 9 19 46 29 5 26 4 10 16 39 13 22 46 48 39 31 42 7 28 49 22 48 14 1 43 11 37 40 48 27 22 47 45 40 41 4 5 19 46 48 40 29 38 47 44 3 36 12 3 47 8 34 42 31 34 
3 50 1 6 1 24 33 18 12 7 2 5 3 13 41 3 19 11 37 22 25 8 32 22 10 17 33 9 12 38 22 33 42 17 42 9 48 39 20 24 24 45 7 14 24 12 36 50 29 25 38 22 45 50 32 26 32 50 15 10 37 17 26 32 14 26 29 2 8 15 16 42 12 5 33 5 15 45 44 34 27 6 4 34 48 15 18 50 21 31 7 26 32 28 19 4 47 10 28 19 
8 24 41 49 23 22 5 22 12 9 43 4 50 21 38 40 6 27 22 33 1 20 23 20 28 11 8 38 44 35 29 35 27 45 28 34 35 5 18 9 3 25 22 13 10 23 47 50 3 27 19 7 22 14 7 26 15 30 23 31 48 7 22 45 43 44 21 24 16 30 50 13 35 16 48 9 13 10 5 19 9 7 27 40 45 50 12 35 33 46 25 30 10 50 30 46 10 25 5 5 
7 37 47 9 13 2 16 2 21 13 18 32 26 28 9 40 1 35 17 5 6 34 7 34 30 12 39 31 43 15 39 31 10 48 49 35 7 37 24 50 28 4 23 19 23 35 27 6 25 24 15 5 18 43 33 33 25 19 12 42 39 6 18 45 9 19 18 42 34 20 48 34 46 22 33 23 12 43 14 8 1 49 46 1 29 9 27 31 25 29 8 40 2 11 49 1 36 10 29 42 
2 35 3 1 44 17 49 49 42 22 25 50 39 38 20 13 50 45 26 25 22 34 9 34 13 43 5 41 20 24 30 45 10 9 25 48 19 24 42 20 15 37 3 31 5 13 23 39 35 32 27 44 32 30 46 47 50 4 33 43 11 50 41 18 11 49 26 33 20 12 3 1 19 1 41 41 24 30 20 17 20 13 20 16 10 34 49 20 23 32 23 28 9 29 2 45 1 20 33 2 
37 49 36 24 19 43 1 27 38 33 1 45 25 7 12 4 23 24 8 26 42 38 36 50 17 33 23 22 15 17 9 2 41 47 43 24 44 50 27 49 21 20 44 24 30 26 48 42 25 12 23 37 6 25 24 49 28 19 41 31 43 4 31 17 40 4 12 25 40 3 8 49 50 21 40 9 20 46 48 36 10 43 21 9 38 48 44 5 30 38 7 6 17 50 8 34 16 24 49 8 
25 50 28 39 14 38 5 23 12 9 16 4 46 28 3 9 41 37 3 10 1 22 26 34 30 3 33 26 42 15 36 38 28 42 3 15 18 39 8 29 17 37 50 13 37 38 31 36 18 14 19 40 45 8 2 7 23 14 45 40 7 30 24 36 4 24 20 20 44 48 48 41 45 21 29 29 41 47 37 48 35 20 44 6 6 18 45 46 17 35 7 24 11 45 29 39 19 38 19 29 
5 15 17 30 31 30 16 30 12 8 5 9 16 2 15 1 14 2 25 19 17 42 45 1 17 4 36 49 7 25 23 14 29 4 27 34 6 34 15 46 42 34 37 1 44 14 11 42 16 17 26 7 7 15 9 29 34 32 46 21 14 46 37 7 23 28 49 25 32 44 16 6 9 4 20 4 42 47 23 25 18 49 15 31 37 6 36 27 19 10 17 23 49 6 19 35 43 18 21 17 
1 19 46 21 3 36 50 16 47 38 3 20 15 7 29 42 34 21 17 31 7 13 29 18 42 30 36 3 43 17 23 39 43 28 1 48 22 35 38 46 18 42 10 30 46 45 23 10 27 14 43 33 47 23 14 31 43 24 37 42 9 9 21 15 22 15 31 45 30 34 2 11 40 7 28 19 13 21 33 18 2 38 9 20 36 34 2 4 33 31 49 7 23 6 39 44 13 3 49 8 
9 28 38 50 9 25 8 32 6 6 46 10 14 8 38 38 40 14 49 13 49 47 24 41 21 46 32 30 12 35 37 24 31 15 48 12 50 17 34 28 1 7 5 11 15 21 12 22 33 19 23 10 50 42 18 31 47 9 4 40 47 5 16 16 5 34 20 21 21 11 35 47 16 2 29 44 30 17 40 15 35 9 29 1 34 7 43 14 19 26 9 29 50 9 12 8 39 1 23 30 
50 19 25 35 8 13 37 16 39 32 3 46 2 50 20 7 33 42 2 48 19 30 22 29 31 38 49 26 5 30 1 46 8 48 32 23 14 15 21 15 44 6 48 13 7 48 8 23 35 10 10 29 19 31 13 3 46 36 14 24 46 32 39 4 38 46 30 42 9 16 26 30 27 6 35 3 11 11 29 46 18 25 27 17 34 8 43 7 28 49 49 27 15 21 42 29 32 20 27 28 
18 49 33 44 27 46 43 25 46 41 13 28 47 25 33 31 37 24 31 11 3 32 27 24 14 44 23 32 45 4 38 43 36 13 34 48 8 48 41 39 19 47 48 20 20 43 47 48 3 34 27 42 49 26 13 12 45 10 17 30 21 37 50 32 31 14 23 23 9 30 17 16 12 41 47 1 10 50 33 33 25 46 44 41 10 42 21 37 9 18 26 25 17 46 20 13 37 40 44 6 
45 18 28 20 25 15 2 20 13 39 23 13 2 15 47 24 27 40 13 45 49 22 18 31 11 36 41 14 30 50 23 23 2 27 20 5 10 15 50 45 1 11 31 27 15 43 1 41 6 41 33 22 3 1 22 43 47 42 44 46 38 13 43 12 13 48 43 3 35 6 13 28 38 38 12 22 44 3 6 25 43 47 16 4 3 41 14 9 8 5 38 34 50 10 27 13 2 10 40 40 
44 39 49 48 19 10 36 42 25 7 14 31 29 30 33 31 10 13 28 36 11 30 15 14 11 6 30 15 21 9 35 24 3 32 38 41 33 10 46 29 40 2 32 3 37 45 28 50 15 44 48 31 20 20 35 23 35 41 17 34 17 16 21 18 48 4 5 19 14 12 2 24 33 45 3 44 40 37 33 18 8 44 6 29 13 9 29 37 18 49 43 4 1 30 40 32 17 21 8 19 
25 20 4 40 8 34 39 5 6 4 36 22 23 25 50 1 14 16 41 45 28 39 18 47 44 26 49 46 37 35 7 1 18 24 19 33 7 36 16 4 1 1 11 3 38 21 12 30 37 43 12 25 2 26 7 11 3 3 33 49 28 36 44 1 25 36 22 25 11 33 12 14 49 18 34 23 29 29 48 42 25 22 27 18 46 49 1 47 2 49 35 26 39 1 49 20 20 43 24 2 
15 31 32 14 14 36 19 17 47 41 36 34 33 13 44 41 41 28 32 1 17 31 46 28 32 13 20 48 11 29 13 13 41 10 25 32 19 43 45 40 19 39 41 30 31 40 46 47 17 31 26 18 38 49 17 48 40 2 16 43 17 18 19 35 39 15 46 12 31 18 9 28 38 14 31 18 36 25 15 16 6 22 2 47 26 48 20 17 15 30 10 19 19 38 7 17 14 6 25 25 
47 42 19 7 11 19 46 15 12 11 10 11 3 42 5 29 32 39 34 43 22 29 10 38 3 3 2 16 23 40 38 21 9 5 5 21 24 39 40 46 41 19 28 11 15 12 25 43 3 2 31 40 30 31 22 17 5 26 17 45 15 15 22 19 34 37 32 5 7 28 4 9 23 40 30 36 18 7 33 20 20 25 28 33 46 47 36 44 5 14 43 40 21 20 18 38 7 17 33 43 
6 41 12 31 35 35 21 12 35 4 25 46 24 26 22 42 16 42 36 44 49 41 3 34 38 29 10 29 29 11 19 45 49 42 31 29 45 12 9 34 30 42 29 36 15 50 25 37 41 6 16 26 10 41 22 30 8 36 15 15 16 40 33 17 28 21 22 19 7 34 19 46 2 25 43 18 22 11 41 50 16 15 44 42 29 18 22 25 23 21 14 1 24 41 29 28 8 28 50 32 
17 1 47 35 35 3 38 30 12 32 47 24 43 30 49 43 14 33 48 7 3 34 23 18 32 32 8 2 31 33 45 5 46 22 32 9 26 48 39 37 10 2 37 10 1 13 44 4 1 37 20 20 15 5 36 2 39 18 22 46 10 43 38 5 7 16 32 45 20 21 29 23 40 12 50 45 17 15 16 17 38 27 41 13 36 49 28 26 2 16 5 28 12 17 22 27 42 3 8 33 
31 21 24 16 19 28 17 48 24 13 20 17 50 22 11 1 41 26 36 34 16 50 4 30 10 48 18 36 40 12 9 38 49 49 24 34 16 24 31 40 17 48 21 23 49 30 9 35 14 9 28 4 49 27 43 3 14 25 36 13 14 2 50 33 24 17 5 4 33 43 39 28 16 33 42 10 49 24 24 40 16 26 32 49 46 12 14 22 32 8 6 15 39 29 32 45 45 18 6 24 
37 9 38 46 43 17 39 8 28 5 5 48 22 1 29 32 31 37 43 22 40 21 35 7 45 33 9 26 36 5 40 40 38 24 10 31 24 34 24 43 8 2 10 15 43 18 28 17 39 25 37 7 9 21 19 35 42 4 32 16 2 13 44 41 33 45 9 50 47 13 16 20 20 42 18 27 8 11 50 48 22 31 29 35 50 5 19 11 21 28 27 6 29 39 17 44 40 30 40 44 
36 48 23 29 10 19 4 38 18 32 25 6 38 2 28 28 44 38 30 26 15 41 35 41 33 16 29 15 21 15 6 42 37 14 16 39 41 12 44 15 38 3 43 10 19 42 16 40 39 7 46 35 18 7 22 49 5 21 25 15 35 33 10 44 3 15 23 41 9 36 16 8 31 42 39 18 14 50 13 25 49 14 39 35 30 45 21 7 18 6 30 8 38 29 16 5 28 21 14 17 
10 26 28 24 2 9 42 33 11 18 3 14 18 37 6 29 46 30 38 16 50 50 36 15 7 29 47 4 10 36 39 11 47 24 31 25 49 1 14 20 48 49 9 18 12 50 46 40 7 29 30 17 43 32 4 26 35 2 40 11 26 2 48 46 36 20 41 1 8 6 19 25 3 47 35 29 39 2 11 46 30 47 36 24 45 8 42 43 20 9 45 17 25 36 32 11 6 47 45 34 
41 6 1 46 41 33 34 16 16 9 6 8 8 32 17 33 3 24 4 20 14 15 8 32 17 23 8 43 7 45 22 24 11 43 32 30 15 49 8 18 35 46 26 50 35 36 23 1 39 27 42 10 37 8 4 26 17 49 48 46 14 45 40 15 37 48 43 27 14 19 48 31 18 39 3 25 37 46 14 29 50 45 39 42 43 4 41 36 17 24 3 17 3 48 11 38 13 1 49 42 
10 29 27 13 49 33 45 32 29 1 41 37 50 43 22 8 6 2 8 17 1 32 6 28 5 43 47 36 41 22 1 4 22 30 4 33 5 29 47 9 37 21 28 35 13 26 10 37 36 6 6 22 4 38 25 2 22 7 4 34 42 40 17 48 37 24 50 17 2 16 43 44 8 29 2 2 46 33 47 31 35 6 7 47 2 22 32 2 30 34 18 30 18 29 44 41 45 40 23 50 
38 32 31 50 39 42 45 34 46 47 26 11 22 45 40 10 32 41 11 3 14 2 35 32 43 14 39 7 5 41 10 13 5 43 32 43 46 28 23 44 30 8 39 27 16 32 22 25 21 24 23 23 40 24 12 27 9 43 40 26 45 15 42 47 34 42 15 39 41 3 18 39 43 24 29 22 37 27 47 3 25 18 12 9 40 15 12 36 45 15 35 49 29 28 49 44 4 21 29 44 
38 35 28 36 34 13 31 23 4 28 1 24 3 40 7 19 44 41 4 47 37 3 8 28 15 19 36 1 33 37 16 5 24 15 15 26 34 2 38 11 34 13 14 40 27 3 10 37 2 37 37 5 38 17 31 20 20 20 20 29 32 26 14 34 49 8 42 22 9 30 48 7 39 13 11 33 28 18 12 9 42 16 29 39 15 25 19 10 34 23 12 14 19 37 32 20 44 7 13 28 
41 19 30 21 4 17 46 46 25 43 29 29 25 35 31 19 10 16 26 19 12 9 9 33 47 38 31 16 5 45 45 29 32 49 17 10 7 5 35 20 22 41 27 47 5 44 15 47 33 44 20 21 37 20 31 49 34 9 35 22 2 43 2 4 11 44 23 35 8 32 48 17 21 37 13 50 18 29 49 12 3 40 29 27 1 47 1 46 39 5 31 13 33 9 25 49 28 22 34 42 
7 50 24 41 37 17 4 17 28 29 43 28 18 34 32 47 19 9 21 44 39 33 46 47 16 12 8 41 1 10 32 34 28 17 3 40 48 1 26 2 28 41 29 11 29 33 20 44 46 10 42 5 44 40 36 1 26 21 2 15 33 2 42 33 3 24 12 47 32 25 24 33 6 26 44 46 23 6 30 32 3 36 15 38 14 32 45 49 40 40 27 47 34 17 23 32 27 2 22 45 
42 41 24 4 22 50 6 9 18 3 49 16 15 12 32 15 19 50 48 24 43 11 36 20 1 22 23 45 32 14 19 46 3 24 2 22 32 16 34 15 8 10 11 5 45 32 3 34 12 21 24 38 4 10 39 6 31 24 49 3 43 43 9 21 48 5 1 39 12 35 36 18 23 42 40 21 24 49 1 17 47 16 45 14 7 35 44 28 36 23 33 40 9 3 12 38 34 46 7 44 
4 40 39 20 39 14 9 26 27 12 14 39 4 31 28 48 8 39 1 43 35 14 42 23 30 24 6 22 33 27 18 15 18 12 17 2 45 14 28 28 46 16 6 9 46 10 43 20 33 2 14 30 39 27 3 37 8 38 17 27 17 17 9 44 16 8 33 39 30 45 10 17 28 24 15 6 19 48 25 19 17 29 33 37 44 48 38 4 22 29 45 30 9 5 43 12 43 27 16 46 
38 45 5 49 21 40 49 35 15 40 9 31 38 39 1 32 24 26 2 16 45 17 28 16 2 8 32 37 25 40 41 41 24 6 8 43 8 24 25 47 32 32 9 32 2 43 29 11 23 9 21 43 43 35 43 25 24 2 14 28 19 1 12 22 47 47 44 36 38 8 46 17 2 38 18 6 21 2 18 25 32 10 33 10 32 22 40 18 9 34 49 31 25 3 28 9 29 4 23 35 
46 1 1 37 45 20 31 43 5 1 49 7 38 33 5 21 44 5 15 50 18 20 17 22 3 1 24 4 2 27 28 23 13 13 41 49 36 9 42 6 25 23 23 48 7 45 6 12 47 2 33 40 5 43 1 18 28 39 32 47 20 45 45 2 49 36 9 32 7 29 18 40 37 16 38 14 13 30 14 15 32 27 33 17 1 43 30 31 43 30 19 9 9 31 45 16 1 2 37 33 
20 41 31 25 4 38 31 29 9 19 44 44 22 39 25 2 40 21 13 38 2 34 31 40 45 35 43 17 20 42 40 22 19 42 1 24 48 17 23 27 3 20 38 10 29 30 11 5 41 20 21 29 33 42 9 18 31 44 21 30 34 4 5 31 30 16 14 16 21 8 49 8 7 12 18 37 42 34 4 22 30 5 21 1 3 31 3 15 38 5 41 30 1 43 31 13 49 39 6 39 
45 37 40 2 41 35 39 34 2 35 40 37 47 31 23 23 20 29 37 7 43 41 42 40 29 33 4 38 25 32 23 9 21 50 29 14 29 10 33 15 6 45 22 32 23 39 20 28 38 8 12 2 14 30 4 3 18 26 47 8 12 21 39 19 38 31 19 37 9 4 17 10 49 22 30 25 46 17 5 8 22 12 2 5 24 26 24 43 39 38 39 34 23 20 42 1 28 21 28 38 
36 3 7 50 26 32 6 48 37 29 44 29 18 16 10 31 27 43 8 11 35 4 12 6 35 47 43 32 3 32 6 40 23 36 22 42 14 34 16 38 50 31 33 18 37 5 46 42 24 49 41 30 16 26 22 20 37 50 47 31 11 21 12 9 16 7 48 48 27 44 47 35 29 37 12 26 13 21 46 29 2 47 42 29 11 49 34 3 44 41 10 49 13 8 27 26 27 11 48 42 
30 8 13 38 20 48 46 18 26 39 3 16 35 6 17 15 24 45 8 37 3 23 30 7 43 3 22 29 16 12 27 49 48 44 22 43 19 32 41 1 37 9 34 31 14 28 21 12 27 23 31 25 17 19 11 15 6 43 41 6 14 8 16 36 37 17 30 13 15 13 2 45 7 32 43 42 13 43 41 27 4 21 14 35 40 29 17 34 29 37 16 8 3 44 3 16 49 34 16 19 
